2
0.754845063537247 0.17763041509647726 0.6313730478508311 -0.6233147494175001 -0.10529291889108262 0.77483397205875 -0.20411568552757942 0.9784356886021657 -0.03124019938408258 
0.7201970375770611 0.30912687943386147 0.6210570163880935 -0.6241640520930776 -0.1020120956155865 0.7745758752704858 -0.3028043613757036 0.9455099803216104 -0.11947976386088555 
0.5231153126713629 0.48660825729121704 0.6996554105803828 -0.7530379367067653 -0.12047575807903287 0.6468186589495984 -0.39904781104376075 0.8652473147146681 -0.30341860333522064 
0.5443025171715155 -0.522681322229376 0.6561414669804089 -0.8105052314524288 -0.125965732840008 0.5720109469548849 0.21632997731913292 0.8431604171452372 0.4922036889037632 
0.693131508377434 -0.5597552706892687 0.4540932102178973 -0.5977552724358507 -0.09438009797015898 0.7960772110280973 0.4027595323583959 0.8232401402863659 0.4000229056588128 
0.6734114376707462 -0.5962759666996418 0.4369411379802085 -0.5983317506911626 -0.0925462709761864 0.7958516537345789 0.434121760152472 0.7973930713102687 0.41910397051007475 
0.6033841471864378 -0.0650442549276312 0.7947954489969692 -0.7950445127393456 -0.12646213062428752 0.5932238550516251 -0.06192562965720389 0.989838150578247 0.12801813142162272 
0.9413356788260803 -0.14707237998432746 0.3037252267242242 -0.3137414836788026 -0.04995533087002904 0.9481892769223783 0.1242802467086359 0.987859473051357 0.09316780728679341 
0.9187383021300837 -0.26502366026482604 0.29268573763371175 -0.3150470030650264 -0.045214136491387544 0.9479892494307665 0.23800812459683204 0.9631722019848772 0.12503595988645283 
0.3484031857511566 0.6251585014287403 0.6983854404791766 -0.6781197140927205 -0.34625099053995867 0.6482391997807454 -0.6470850243520775 0.6994549698622107 -0.30330491525493297 
0.5903804143121246 0.518623882973517 0.6184095975656506 -0.5599516708844735 -0.28860033363544757 0.7766042554959306 -0.5812532052604309 0.804791470748898 -0.12002331414977416 
0.6649336947645386 0.4034706424360266 0.6285288936766986 -0.557700801436102 -0.29153016207972493 0.7771447282216577 -0.49679668434050994 0.8672920806841515 -0.031168078834705015 
0.6791651220734896 -0.32886764719135286 0.6561771565300524 -0.7319882669818784 -0.3692519181764904 0.572567769863086 -0.05399599172075034 0.8691874048304802 0.4915133175451978 
0.8326426431364911 -0.3172096198443169 0.45392068548433134 -0.5386394538034841 -0.27359272430855225 0.7968527234146674 0.1285825432888369 0.9080114432568083 0.3986746183013485 
0.8249232761421061 -0.3581299715541496 0.43725191631768245 -0.5400676078678762 -0.27135894420885676 0.7966404638854416 0.1666532141326157 0.8933375472028284 0.41727623865586927 
0.594078774113886 0.12454746478663592 0.7947083295673574 -0.7170101537508768 -0.3658607508978313 0.593334088260395 -0.36465029752718126 0.9222997505631627 0.1280481180870749 
0.9407754148438757 0.15017041551542593 0.3039469164821791 -0.2832336890144601 -0.14456537967635738 0.9480890207760332 -0.1863157511923254 0.9780301427935244 0.09347054913011124 
0.955302174784112 0.03164260754362912 0.2939118188278406 -0.28695815941340114 -0.13952191506494768 0.9477216400234754 -0.07099596189166384 0.9897070463579376 0.1242062510126927 
0.138948394949941 0.7039539049180287 0.6964874387130047 -0.5378937056358797 -0.5368610567262043 0.649925438955602 -0.8314542765369867 0.4649533466004834 -0.3040636125991959 
0.4006800339714628 0.6792608383202202 0.6148274567426921 -0.44168455690250785 -0.44471451553661057 0.7791638656460019 -0.8026972282461243 0.5837690389692632 -0.1218336840551085 
0.5099834676421193 0.5914290164742263 0.6245851081910709 -0.4374567460915759 -0.44686541802307045 0.7803338193645333 -0.7406257045233394 0.6711937073732133 -0.030830977148174482 
0.7471442071739405 -0.10263245543006773 0.6566861753882969 -0.5829584262870047 -0.5757695387744743 0.5732743946904466 -0.3192641963557653 0.8111415643888027 0.4900146483662331 
0.8898332890347755 -0.04153079522462215 0.45435334460776167 -0.4272540534436201 -0.42518371161969837 0.7978958805332865 -0.16004918782750854 0.9041344233044128 0.3960937427610378 
0.8947271407271895 -0.08405358610408306 0.4385753870868916 -0.43070697598190866 -0.42176900671937734 0.7978423639170176 -0.11791893968270278 0.9027712509175392 0.41358097638807534 
0.5267582688779551 0.30176063772377915 0.7946503845153667 -0.5690850507786545 -0.5692331002340323 0.5933960502896782 -0.6314039286147484 0.7647987872896194 0.12812058309019486 
0.848912877190366 0.4319225653691259 0.30460978445093556 -0.22538747897710346 -0.22546020550623158 0.9478214369655031 -0.47806349743380117 0.8732742350349967 0.09404626076203682 
0.8977963423873376 0.3252495758469009 0.2969329341765756 -0.23321151589489264 -0.220828050939963 0.9470174693021478 -0.37358913640697017 0.9194794243053235 0.12240699256670788 
-0.08503020046850629 0.7152659908685933 0.6936356496309254 -0.347771073818833 -0.6736797705439821 0.6520558519778534 -0.9336975593558346 0.18578513447108158 -0.3060371522975286 
0.16852563302156787 0.7745658181609603 0.6096007888190622 -0.28267820266998755 -0.5544896164634106 0.7826880070289988 -0.9442766343225093 0.3042289860424263 -0.12550927974318007 
0.3052575430532178 0.7238523158887593 0.6187434322617342 -0.27558839658219564 -0.5547992580397526 0.7850073864131681 -0.9115133821583785 0.41015044293095476 -0.03012882482232304 
0.7412031932284613 0.1341056073836112 0.6577501078946764 -0.37833019887478464 -0.7259475143455625 0.5743415003759686 -0.5545140025162139 0.6745499125365191 0.48733800234506264 
0.8568354176716309 0.24183755042432217 0.4553280813925463 -0.2741799003380371 -0.5341707773024139 0.799664278558903 -0.4366170458771369 0.8100322063703826 0.391394143247729 
0.8753018536606013 0.19854647464823852 0.4409005974877212 -0.2831913932800367 -0.5285752101348187 0.8002363753823004 -0.391939630851978 0.8253211006133593 0.4064428387017374 
0.4084109304808319 0.44911194142208677 0.7946709796243018 -0.36615238366055325 -0.7168710550551853 0.5933222668035836 -0.8361434887174919 0.5332891752298483 0.1283343748930586 
0.6762395378608553 0.6699439517294248 0.30639119315689 -0.14604046972194853 -0.2857390937635941 0.9471144206312966 -0.7220613844447943 0.6852216036477002 0.09538912546692453 
0.7509713203329106 0.5864641108208632 0.30348611964278466 -0.15985203596027558 -0.28446865335342364 0.9452654727207271 -0.640695953394506 0.7583794129838174 0.11988020406022393 
-0.30183173799162355 0.6583899357254385 0.6894921558229397 -0.12886899033025712 -0.7447620002991905 0.6547529951871658 -0.9446001925350068 -0.10877221111459312 -0.30964208502241164 
-0.08408627820789527 0.7941805773749111 0.6018191048010788 -0.10160040505939777 -0.6076436917570764 0.7876712690745878 -0.9912549531149315 -0.005087332725350002 -0.13178491391973077 
0.07199816172045403 0.7893607349813715 0.6096862837457487 -0.09119142298510785 -0.6035027438457814 0.7921237481313899 -0.9932229653466454 0.11263009388897527 -0.028531962213176387 
0.6605775741155364 0.35895784785917717 0.6593931772091473 -0.13734176302523732 -0.8057000410107928 0.5761922545109048 -0.7380971066321732 0.4711788805640036 0.4829243769014977 
0.7310935443547165 0.5072531716614509 0.4562817596529287 -0.09314031656949251 -0.5883011664203758 0.8032578751356728 -0.6758873469609482 0.6297559466789814 0.3828581157429825 
0.7682979258941736 0.4616517997316414 0.44337712690221653 -0.11575209955019364 -0.5810548373571708 0.8055830753077988 -0.6295292783542714 0.6702538739740225 0.39298854424319024 
0.2516265723805983 0.5521499219467889 0.7948694997842913 -0.12880121110733006 -0.7948849296350122 0.5929343864017416 -0.9592170275857594 0.2515778254427042 0.12889639892659438 
0.44344869548095317 0.8406998854744732 0.3107755974080939 -0.05255000181935052 -0.32174870156385316 0.9453680686672625 -0.8947604521266774 0.43555251177107396 0.0985000391110658 
0.5277761150474888 0.7879944068710412 0.3170652779799081 -0.07196904617752353 -0.3304592517344057 0.9410793498481277 -0.8463368313814648 0.519494659316372 0.11769651721308252 
-0.15847140215028688 0.776541460984722 0.6098045948346005 0.09155526958992738 -0.6033909977486063 0.7921669055542605 -0.9831052421383956 -0.18136739788840395 -0.024523859246692814 
-0.26086265006070547 0.7477681125014757 0.6105641497516772 0.10164816628006446 -0.6076710199830335 0.7876538802020734 -0.9600069694163207 -0.2675328664509508 -0.08250961927758171 
-0.4588883412689185 0.5405427814789066 0.7051450006226321 0.12887019274385975 -0.7447554036733037 0.6547719773983605 -0.8790952416741915 -0.39134047880975176 -0.27210047036955515 
0.5353413514614276 0.5498234001550528 0.6411902379925516 0.13737189585090137 -0.8056979252591436 0.5761951671985774 -0.8334024567310425 0.22037726088370405 0.506848363161621 
0.595252370432414 0.679636003204092 0.42870688686577635 0.09319253341566941 -0.5883094952159957 0.8032603349830338 -0.7981289641486189 0.4381859390604104 0.41352547152453 
0.6169870064996925 0.677649380994513 0.4001510852864709 0.11568059473604816 -0.5810391005595971 0.8056141163299257 -0.7784263450190398 0.4507631538472132 0.4368839037108724 
0.06263824819472774 0.6032458532296525 0.7950936299238642 0.12881721848281397 -0.7948809970748582 0.5929361809105708 -0.9896896301399896 -0.06528116858398425 0.12749821544971818 
0.14146277850677347 0.9395322881622207 0.31189785729758457 0.05255927140612712 -0.32175002715483814 0.9453715431533449 -0.98855385127742 0.11734100355605381 0.0948961727260777 
0.28850839171593806 0.9100942338520613 0.2975112476686825 0.0719712770917987 -0.33045749515845596 0.941084230150542 -0.9547798658611953 0.2500957386152198 0.16083867179024236 
-0.6086357225471161 0.3668039746984279 0.7035790927176755 0.3479030294873517 -0.6735795286898377 0.6521198041218664 -0.7131144211397742 -0.6416787365963234 -0.2823514825303268 
-0.4858033384741937 0.6208292909678846 0.6152828287350149 0.28283084331691505 -0.5544072557254881 0.7827171650092364 -0.8270481738861956 -0.5542656743906906 -0.09374290264474602 
-0.3845219155372094 0.6848455097079905 0.618977414513205 0.2756940408131753 -0.5547305623684193 0.7850288621493955 -0.8809876319817166 -0.4725083558840775 -0.02449818948468374 
0.3348335096749644 0.6858098030284702 0.6461984424109326 0.37838049967378945 -0.7259212768484735 0.5743583283898772 -0.8629807126297074 -0.05219392679471041 0.5025545500146122 
0.3418621013780102 0.8314071405611565 0.4380780776816631 0.2742467600201404 -0.5341339063034231 0.7996934516647178 -0.8988542429892599 0.15324186321268835 0.41060676212069025 
0.3765237256389834 0.8287598741834032 0.41400743714679605 0.28335094162284763 -0.5285019281219248 0.8002581826456152 -0.8820188948944316 0.18400539653316322 0.4338201080336045 
-0.12488655424506773 0.5939838862249266 0.7947260417245128 0.36616428051828254 -0.7168607417984985 0.5933273855653551 -0.9221334275268992 -0.3650983561924439 0.12796922311342335 
-0.1499589648499836 0.9399275357250785 0.306692379030842 0.14604863424912432 -0.28573800394164467 0.9471194583821542 -0.9778516166595941 -0.18681996573685833 0.09442560620399636 
-0.017113184709346585 0.9566497796986233 0.2907745230872268 0.15987344415488935 -0.28445740781509443 0.9452755949235627 -0.9870000537629582 -0.06266312716915329 0.1480733322723078 
-0.6940030803432564 0.15569302103333132 0.7029464604396791 0.5379713268837669 -0.5367412257144578 0.6500077127531241 -0.4784985835862819 -0.8292664580152408 -0.2887396157195371 
-0.6561397917456816 0.4323039183654743 0.6185539796844265 0.44173061927978907 -0.44455497917752085 0.779268926885205 -0.6118576334477478 -0.7845376489270495 -0.10072757188272796 
-0.573666092560206 0.5296056372052367 0.6248427909863963 0.43737199576771063 -0.4469306700889034 0.7803602652702035 -0.6925434150473195 -0.7209537262091431 -0.024754254185434865 
0.10538509610823388 0.7532267937047559 0.649282515679619 0.5829623326602064 -0.575756607173328 0.5733093880265457 -0.8056508590086482 -0.3180851033061034 0.4997729152696415 
0.061930477179517496 0.8942554257358944 0.44328706928546596 0.42726007527423154 -0.4251408575276127 0.797957176541956 -0.9020227382557723 -0.13997878789326035 0.408402368831228 
0.10140812060769128 0.9011734991120915 0.42145561327226133 0.4308047095148386 -0.4216373145970784 0.7979043762162309 -0.8967417753849011 -0.10064996683181904 0.43098246929788486 
-0.3015936399399274 0.5268740727229071 0.7946370100626732 0.569090292337008 -0.5692193655895366 0.5934041986090146 -0.7649709180333242 -0.6311861969747161 0.12816578807556547 
-0.4313036786342584 0.849251775284102 0.30457339885929924 0.22539444433564884 -0.22545784911022182 0.9478304168238982 -0.8736079656107358 -0.4774479833141427 0.09417506023400085 
-0.31684145389522367 0.9034862707168977 0.2887022718144417 0.2332022601622355 -0.22083639898718865 0.9470337590438803 -0.919376500123846 -0.36738099234940036 0.14072315911598904 
-0.7078405853516916 -0.070023707620517 0.7029196497878132 0.678085716392774 -0.34625651910117844 0.6483392878437991 -0.1979876635319583 -0.935543024830383 -0.2925709858105285 
-0.7570749132805192 0.20289794787790139 0.6210545368613662 0.5598581954410475 -0.28855383967224296 0.7767459185188904 -0.3368013004824115 -0.9357391964031416 -0.10486076309094099 
-0.7068358403191055 0.32427099794917724 0.6286838018438381 0.5576250577612014 -0.291429582269477 0.7772612183213881 -0.43525773717257954 -0.899960569379946 -0.025171089847736555 
-0.1323101965731342 0.747390337511884 0.6511051263707294 0.7319766416800072 -0.3692654484481936 0.5726162894354349 -0.6683864138559594 -0.5523467228886393 0.49820567017703005 
-0.21954210794562612 0.8676087012563533 0.44622273685346064 0.5386119311256887 -0.27358321164050703 0.7969364720600127 -0.8134843434447802 -0.4152898919485848 0.40722948709233386 
-0.18224733912208374 0.8864672800405187 0.4254543860839363 0.5400016286720783 -0.2713750091459946 0.796745637754038 -0.8217261796072932 -0.37494150432587525 0.4292257214094079 
-0.4493518275315085 0.4081540014559951 0.7946673745100764 0.7170070285577542 -0.3658499455151354 0.5933445274766906 -0.5329041621286686 -0.8364012902806983 0.12825375442422607 
-0.6722564369911822 0.675141929706424 0.3037735413122144 0.2832377660430157 -0.14456303119095443 0.9481042161202543 -0.6840112261769097 -0.7234007267692825 0.09404114896571249 
-0.5825445569645165 0.7599840334111196 0.2882759361270026 0.28695009896104123 -0.13954421094178432 0.947746781127534 -0.7604856258312724 -0.634813822621656 0.13678424891491303 
-0.6502561741879784 -0.28732174515525394 0.7033439805382116 0.753011398137273 -0.12053633219568242 0.6469346637521788 0.10109586773823177 -0.9502614585732364 -0.29472430870985605 
-0.7808655205722156 -0.04390659324347582 0.6232194455009766 0.6240634024065869 -0.10205041293499803 0.7747333801998083 -0.029582696927548016 -0.9938506687067521 -0.1070837978078126 
-0.7703000610749424 0.08889315083741312 0.6314769904142901 0.6231868616189222 -0.10515084799510105 0.7749895486082518 -0.13528975273113122 -0.9904891078051593 -0.025600310659078022 
-0.3562789853371021 0.6692345726400943 0.652106799707854 0.8105093243524182 -0.12594167557801125 0.5720718803832378 -0.4649654036374917 -0.732336458173876 0.4975373275286902 
-0.4771672165220458 0.7561933833745819 0.4478669799196993 0.5977441727062957 -0.0943645069463982 0.7961777823512258 -0.6442943184271889 -0.6475868467275664 0.40696182188649876 
-0.44706796384736 0.7858277912733914 0.42743807921677657 0.5982630877768796 -0.09260696522861606 0.7959922243311099 -0.6650638367148057 -0.6115529624278649 0.42870906293272265 
-0.5533441364264353 0.24940383598117927 0.7947395694197801 0.7950365613024843 -0.12645730826219567 0.5932355394786988 -0.24845547447376826 -0.9601089863688054 0.12831056627987278 
-0.8479873247958852 0.434575874023879 0.30347119362850145 0.3137388722893068 -0.04995318764519789 0.9482120320472239 -0.4272222789843242 -0.8992674504400086 0.09398210243963963 
-0.7895641732079803 0.5418248640062271 0.2882153756514575 0.31505828154149307 -0.045174472188592996 0.9480250080696617 -0.5266693129938353 -0.8393086163253625 0.1350346286827417 
-0.5280976218776489 -0.47488338127571245 0.7040560216947759 0.7544853314889003 0.1182127430521553 0.6456576784005018 0.38982174396076547 -0.8721282745660686 -0.29585044594719817 
-0.7270491608787436 -0.2834654220251644 0.625415758955275 0.627352342180889 0.09608174575187628 0.7728488443812392 0.27915328368776166 -0.9542083902467844 -0.10797125338242966 
-0.7581374927013991 -0.1535636639778747 0.6337986484805044 0.6274552706033619 0.09308732960170664 0.7731038843578996 0.17771440319255316 -0.9837722977004898 -0.025780626924127276 
-0.5452675713493749 0.5262149960597853 0.6525786561747805 0.8101348781855787 0.13064271347118997 0.5715696016256026 -0.21550546099883347 -0.8403023909742329 0.4975209914576425 
-0.6870640263362832 0.5715502634583737 0.4487644865933549 0.598628486490673 0.09505921612811297 0.7954394539895249 -0.411950486404155 -0.8151136645535584 0.4074343566534464 
-0.6676087912656533 0.6089937537762784 0.4284265704274933 0.5985903781111966 0.09673126483633576 0.7952715499738628 -0.4428456589145715 -0.7873334025853426 0.4290897949332736 
-0.6031899022979474 0.0663498711259451 0.7948349679578605 0.7953239702547431 0.12525635704734722 0.5931050642834457 0.06020559795596468 -0.9899048083235116 0.12832282086194485 
-0.9408648262789623 0.15113171050813407 0.30328493073361756 0.31360658691868765 0.049344641694359946 0.9482959345254088 -0.12834894534985963 -0.9873061718003653 0.09382023136103404 
-0.9185564305466863 0.27085710782158895 0.2880445967288108 0.31333045948088456 0.05429922841544688 0.9481322669415873 -0.24115821720114958 -0.9611280869877957 0.1347393533469413 
-0.3540885856190813 -0.6142361354835538 0.705280921455623 0.6817007519901555 0.34680052387643184 0.6442820936079738 0.6403056247130116 -0.7088930111618019 -0.29591441407207314 
-0.6023934714218706 -0.49268307507287123 0.628070933746107 0.5690119900626438 0.28682250094525685 0.7707436751658214 0.5598527176364485 -0.8216348612248066 -0.1075578638075124 
-0.6719645675205288 -0.37928581694809976 0.636121262271347 0.5701901289620759 0.2832089323078273 0.7711810998397215 0.47264279121329095 -0.88089689577033 -0.02595808527292459 
-0.6812008148023285 0.3319633787096813 0.6525695543171198 0.7300401353638178 0.37562389154891523 0.570989799356324 0.05557075475436915 -0.865325525687674 0.4982016498595005 
-0.8295740548197119 0.3321168193356522 0.44902673976391305 0.5407301960724104 0.2763869440387674 0.7945695811941591 -0.13977642778427166 -0.9019026458648065 0.4088445606298159 
-0.823076951582522 0.3734856456035077 0.4279976636997006 0.5396387609025942 0.2788142851537358 0.794469507253974 -0.17737963619250016 -0.8848165136077596 0.4310051017585221 
-0.5940319681791917 -0.12334925610408742 0.7949301678266515 0.7177112985269037 0.3650664507414709 0.5929755209374459 0.36334488116549246 -0.9227753992618019 0.12833179562852193 
-0.9415527548616976 -0.14770139156935563 0.30281949378164497 0.2825078868044335 0.14365575360640787 0.9484667919449876 0.18358823703873084 -0.9785623436744328 0.09353093518595791 
-0.9574984393776174 -0.026426645988719938 0.28736911685639416 0.28044633567290306 0.14957711693702977 0.9481873112671659 0.06803844316765643 -0.9884386459574529 0.13580298885049838 
-0.14592599918002447 -0.6918981397857586 0.7071351266254469 0.540774922592955 0.5427681831603108 0.6426684237044071 0.8284477088152056 -0.47616928071131454 -0.29494869087516623 
-0.4208047138484425 -0.6510818836907536 0.631723533314416 0.45413622018682126 0.45165286558824536 0.7680031455215357 0.7853295711533962 -0.6100499313550048 -0.10561910308460551 
-0.5207475035872706 -0.5663552450157248 0.6388334846123486 0.4569827124209616 0.4471564152912746 0.7689358802419027 0.721133333834429 -0.6923419125101322 -0.02595839220379839 
-0.7508118302068156 0.10529349399710408 0.6521113066084679 0.5772685650307726 0.5844728606708196 0.5702690237333701 0.3210870285639614 -0.8045862512648225 0.4995982033862966 
-0.8915210865662219 0.061925598480153714 0.44879821370359163 0.4293548676207045 0.4316682470642825 0.7933356076023146 0.14459949523102497 -0.8999401140588196 0.41141614121180076 
-0.8988865760491371 0.10198423924222509 0.4262527591979435 0.4255995773174672 0.4353970450243048 0.7933370591055944 0.10467664288115396 -0.894493099196022 0.4347576017792481 
-0.5265983984045435 -0.3011082936223589 0.7950037183754458 0.5695889030803521 0.5692539333171013 0.5928924276898082 0.6310828774469126 -0.7650403550375788 0.1282600751539018 
-0.84933752288828 -0.4333435100918389 0.30143125640821694 0.22306268632984333 0.22291426166204045 0.9489857205351052 0.47842495550071995 -0.8732378038504192 0.09266567727687794 
-0.902983550773456 -0.3209526421837909 0.28577153955142137 0.21815274803559354 0.23059858610276956 0.9483084597965512 0.37025038807118754 -0.9186234037256137 0.1382062103180895 
0.07499937472068569 -0.7002008397446441 0.7100034451405509 0.3445462424357587 0.6863536401246217 0.6404823040569744 0.9357745427793788 -0.1965921641562208 -0.2927260500493045 
-0.20227940801924665 -0.7436175827976902 0.6372815052315428 0.29325725499035205 0.5748807738062021 0.76388746786957 0.9343955312134066 -0.34140411791128134 -0.10178410871208304 
-0.31959854015288447 -0.69649018521981 0.6424744471319145 0.29862907980563325 0.5694470666958438 0.7658759241017956 0.8992734100480371 -0.4366310574350083 -0.02599757405222053 
-0.7476145722873767 -0.13156437336627272 0.6509937977254416 0.3660810710133438 0.736221138018796 0.5692036042513458 0.5541540927052477 -0.6638515717445727 0.5022389769253026 
-0.8687693794572352 -0.21111673814079768 0.4479860486615462 0.27528438153085816 0.5461040916881179 0.7912084693225759 0.41167983458479995 -0.8106923309859237 0.4163167902906945 
-0.8884456566833672 -0.17911818630520684 0.4226221028573621 0.2655758647394535 0.5503827626714979 0.7915659959790884 0.37438246026855626 -0.8154900007095169 0.4414094284838511 
-0.4069453770679443 -0.4498585369921576 0.7950004696221804 0.36483870781117783 0.7178453248740944 0.592953452439784 0.8374312910841594 -0.5313458159926214 0.1279978377217234 
-0.6710642547375012 -0.6791202077564585 0.2974564069207037 0.14083190264484513 0.27714179892851304 0.9504581016919416 0.7279086108838001 -0.6797057976001387 0.09033763057399842 
-0.7611602413547869 -0.583976430992405 0.282200096786795 0.13093037811221858 0.2877997465975829 0.9487142992208664 0.6352342895880977 -0.7590606784072805 0.14259931075487364 
0.2857501157367815 -0.63849294471589 0.7146168823513279 0.1105469057144548 0.7626939508754074 0.6372448325189508 0.9519085621163725 0.10309391098982262 -0.28852277643792196 
0.0289012882410265 -0.7626237182558816 0.6461997525662071 0.1001507598997074 0.6454260571598505 0.7572313849515517 0.9945546144654726 -0.04283234079183218 -0.09503078318509267 
-0.08845135345682215 -0.7565413877462762 0.6479338059618494 0.10960627406855639 0.6391408710420249 0.7612372441348774 0.990030076798719 -0.13835030104843565 -0.02638885073932551 
-0.6732081509116499 -0.35487522569997476 0.6487420626722891 0.1169746558043227 0.8151684186693967 0.5672999940536597 0.7301504088852957 -0.4577946346760893 0.5072635971723266 
-0.7692843261054789 -0.457040771973761 0.4464643397783891 0.09399810866800001 0.6102230112028827 0.7866430451589911 0.6319660034424028 -0.6471140994320864 0.42647082097245737 
-0.7939932518320401 -0.44315036212001857 0.416178046391811 0.07208430523114842 0.6111231845927273 0.788253766177499 0.603647465566576 -0.655864241673965 0.4532808483809013 
-0.2450289678964761 -0.5552930013824413 0.7947411386284533 0.12195458134052511 0.7955654818549055 0.5934691517612453 0.9618164455356477 -0.24233909428285538 0.127215873225476 
-0.41745563005055186 -0.8624218325233652 0.2862916117962698 0.045338868760063225 0.29489676776628576 0.954454708511265 0.9075674581965922 -0.41142190802970935 0.08400493839375679 
-0.5480439601578044 -0.7902731605977951 0.27409562975854307 0.02590214460076523 0.3114973903397315 0.9499003735108371 0.8360557167551943 -0.5276835911128167 0.15024357234387664 
0.5040468235834117 -0.5096563442202444 0.6972937899217906 -0.11030209320514722 0.7627552512359981 0.6372356659654557 0.8566222428246897 0.39810332394986414 -0.3282430434754609 
0.3343270424325339 -0.695009204828108 0.6365689809632026 -0.0998842230339595 0.6455013485682506 0.7572209615478739 0.9371664763046272 0.31673750618262025 -0.14638572843688583 
0.17887963430807935 -0.7406957209418281 0.6476087900764846 -0.10941643224558556 0.6391661393356844 0.7612620509768095 0.9777808242957673 0.2070307099954906 -0.03328910233556992 
-0.513973794841603 -0.5384232287443812 0.6677752639725795 -0.11690932010344868 0.8151745303094865 0.56728752341005 0.8497973801431268 -0.21350257631287345 0.48192686252033556 
-0.5359808679055934 -0.6968411250680032 0.4765843866674526 -0.09393448352469522 0.6102400354492056 0.7866251546333659 0.8389854253836483 -0.3768491309675233 0.39253523465404594 
-0.5855245838361525 -0.6656343158447654 0.4627223512710381 -0.07185004588498714 0.6111626151063219 0.7882498866953002 0.8074766793550462 -0.4282887700357078 0.40567252412688104 
-0.06975041692300671 -0.6033204104541899 0.794444681264618 -0.1219412109352121 0.795568569429622 0.5934677601458606 0.9900849510703144 0.055480839812302174 0.1290606679008009 
-0.15873979247191405 -0.9454233782113456 0.2845695371542636 -0.045334606922716306 0.29489957411602297 0.954454043870171 0.9862808722467994 -0.1386087456707058 0.08967253716973284 
-0.24820800148065336 -0.9224498059209253 0.29575607452567965 -0.025838609132441653 0.31150610555031044 0.949888848520916 0.9683582324431869 -0.22812894122127114 0.10115350660348313 
0.6302667826564039 -0.3364792819792286 0.6996929420833876 -0.34458178925029903 0.6863654485187063 0.6404612395136777 0.6957383925870604 0.6447549159185038 -0.3166447934230332 
0.52383040291802 -0.5717634124293686 0.6314380272144091 -0.29327871800319794 0.5749037260831882 0.7638710443056628 0.7997593235290864 0.5853186986329301 -0.13346429666958795 
0.3999634082517975 -0.6539320739468908 0.6421860522263204 -0.2984870839197662 0.5695360936541867 0.7658556715916558 0.8665653718811885 0.4979982847757107 -0.03260330608649348 
-0.3264682847112891 -0.6743577823261244 0.6623006652082992 -0.3660484826668726 0.7362191277067952 0.5691854135318486 0.8714408172999728 0.05661367375760595 0.48720419182178476 
-0.30859710977829274 -0.8296151920698221 0.4653053214804624 -0.2752487785910403 0.5461373636447284 0.791185613614104 0.9104990494202753 -0.11608272219730925 0.39688646725056964 
-0.35553432926839834 -0.8190808097384394 0.4502403822993073 -0.26561405793328263 0.5503935184761577 0.7915368475761466 0.896135562826863 -0.16182717930184565 0.4132401857265619 
0.12305620682918217 -0.5940811293185843 0.7949388477546883 -0.3648273628221622 0.7178547375727498 0.5929490374406279 0.922909072020761 0.3629809601798643 0.12840037869828785 
0.14903697507433883 -0.9431394001776584 0.2970992932911102 -0.14082793997669144 0.27714721720008595 0.9504466578935555 0.978747878446473 0.1834923159471114 0.09151556482781004 
0.03965328310209704 -0.9546441019506453 0.29506661723188615 -0.13092504661921062 0.2877889222977902 0.9486929014307167 0.9905898758626499 0.076251083061947 0.11357606713078942 
0.7013932400054098 -0.13067345222087026 0.7006827726418061 -0.5408155990813623 0.542758541818882 0.6425854255976585 0.4642740427620269 0.8296517283082924 -0.3100193527025092 
0.6726700176098663 -0.391310404142003 0.6279936647837946 -0.4541826248601423 0.4516556414869539 0.7679258771377455 0.584138698147546 0.8017906067751399 -0.12608977834566795 
0.583709208680857 -0.5014857267635253 0.6385760967339061 -0.4568785684431985 0.44728429331598485 0.768883957705191 0.6712148234095741 0.74056237588171 -0.03196613880304269 
-0.10284133834563669 -0.7448074358419534 0.659294040919229 -0.577238402342081 0.5844715816794709 0.5702384473362463 0.810063315882551 0.32192847571071675 0.49004343739890494 
-0.042491291315358615 -0.887035079700752 0.4597205856129848 -0.4293381423042224 0.43169513991023634 0.7932766384019843 0.9021324786409279 0.16366988987554737 0.3991853171435713 
-0.08641808878149765 -0.8921840571118482 0.4432988844400886 -0.4256087274821784 0.4353769172996765 0.7932707795908425 0.9007571835968811 0.12012046826875289 0.4173511088766167 
0.30150878568607264 -0.5263347286668509 0.7950265375913461 -0.569583577889444 0.5692668929714454 0.5928851004085686 0.7646371622370647 0.6315931822676771 0.1281524567077014 
0.43479316381292055 -0.8485450449532019 0.3015281035364975 -0.2230591572299735 0.22291880333000305 0.9489703922321131 0.87246346795313 0.4798661267923432 0.09235249471405663 
0.32894271956296195 -0.8974413893467748 0.2939024773124762 -0.21813620109003715 0.23059559231275045 0.948274905719062 0.9188015625025281 0.37604208771069736 0.11991273180797248 
0.7076504093792673 0.08911188763560378 0.7008952462693653 -0.6816986213092185 0.3468329432371477 0.6441723960603927 0.18569346909917284 0.9336649064964881 -0.3061894096248881 
0.7615440929513291 -0.16969008813458916 0.6254760224669731 -0.5690167428436124 0.28689012345790293 0.7706350560591233 0.3102175479496224 0.9427956922114553 -0.12192514873043692 
0.7117013554077787 -0.298461879879387 0.6359101926251067 -0.5701541393525733 0.2833701766286372 0.7711067931820395 0.41034805251732864 0.9113736529937786 -0.03150597624131679 
0.13270919237580506 -0.7416140638866441 0.6575553292205017 -0.7300260736226812 0.37559239172357933 0.570941719961151 0.6703971677832458 0.5558067074142613 0.4915574248277657 
0.23199447441529847 -0.8588318577977287 0.4566713036062844 -0.540734623157489 0.2763802123593117 0.7944698365576519 0.8085461686412778 0.4312587319845425 0.4002889892659886 
0.19355786968348454 -0.8771857411133884 0.43935640865769515 -0.5396413606339194 0.27879699650468853 0.7943632442345113 0.8193143963915223 0.3908592297553701 0.41941209989493095 
0.44968850035601 -0.40717106472645276 0.7949811108562747 -0.7177134807039612 0.36507787632952726 0.5929658453500621 0.5316677554493541 0.8372173303183805 0.12806064794149918 
0.6757288856727846 -0.6719673944133786 0.3030564476183046 -0.2825060101434084 0.143659458064135 0.9484435833890625 0.6808624999444335 0.7265085666971371 0.0927603105611573 
0.5887517495639744 -0.7533429035751036 0.29296404288614153 -0.28044651748523786 0.14954334836173033 0.9481395578694974 0.7580918226848004 0.6403853058898182 0.12322958972845244 
0.646629178387188 0.30174008095937016 0.7005590348046887 -0.7545159462966934 0.11821570569709154 0.6455153489701684 -0.11196304965411485 0.946011259190241 -0.30411561131086123 
0.7786552956642394 0.0717741855115274 0.6233007942754346 -0.6274039300872064 0.09610424709004058 0.7727145433590461 0.004440986529892395 0.9927597510483632 -0.119865915310517 
0.7709117532983452 -0.06420480858556768 0.6336810292972835 -0.6276021648673197 0.09303003371546587 0.7729422819273479 0.10857912778535192 0.9935803898485984 -0.03142320206443509 
0.3559276772492565 -0.6649895657498073 0.6565712331343754 -0.8101244824482323 0.13065335938561443 0.571497542240559 0.46582746771062705 0.7353230550532865 0.492225754305043 
0.485880753759681 -0.7462558332254878 0.45495059365430257 -0.5986465848446125 0.09509022350787388 0.7953225974475076 0.6367888800405921 0.6588004242057686 0.4005494245239817 
0.4556776552613315 -0.7752944142751907 0.43729314730162566 -0.5985719015054609 0.09669941638993426 0.7951790695093277 0.6588007317933162 0.6241126861803663 0.4200164303036916 
0.5536740654371618 -0.24819170186045572 0.7948892365047647 -0.7953311966324411 0.12526424883893802 0.5930937072227774 0.24677177076547166 0.9605793756955533 0.12803884591344236 
0.8500813202625226 -0.43037564033702674 0.30353021940065417 -0.3136047368175886 0.04934745558667503 0.9482662783295 0.4230908353184763 0.9012955529546365 0.09301885958180003 
0.7922578726073443 -0.5354972270461381 0.2924919030947603 -0.31333223617742173 0.054278819258310185 0.9480812464184664 0.5235758811501484 0.8427798406845249 0.12478688661884793 
0.7707927707257269 0.1673679156104595 0.6146854480508636 -0.6076451278499203 -0.09666874611751322 0.7882856504774431 -0.19135730407155815 0.9811293742277833 -0.027189112346440135 
0.7649018664790745 0.17646371449766834 0.6194815628788587 -0.6124632008312337 -0.09856303026960969 0.7843123557078211 -0.19946347261768965 0.9793454963158186 -0.03268694787732224 
0.7432799411963785 0.283630919447085 0.6058331771982801 -0.6066203762892362 -0.09591479301244439 0.78914984609866 -0.28194335624601424 0.9540960444632577 -0.10076750395713864 
0.6921881496981936 0.2943554051077939 0.6589221780316526 -0.6609400220706579 -0.10806363222949811 0.7425823283753561 -0.28979618431475007 0.9495394266032102 -0.11975401739990654 
0.6262866085987497 0.47393526356257704 0.6189286485267613 -0.6578755410978931 -0.10458117399987713 0.7457779646753973 -0.4181950244090035 0.8742827724038111 -0.24630220779131254 
0.6140978254558674 0.4963519922237613 0.6135533859494559 -0.6593336401783735 -0.10455080180542957 0.7444981380736561 -0.43369598628955947 0.8617615833172821 -0.2630664589395258 
0.6023326915682372 -0.5096623032525006 0.6143080227193481 -0.7570024511922501 -0.12068433146047736 0.6421193522194288 0.25313494231915923 0.8518299773130376 0.4585227063012061 
0.5993451640711243 -0.5209524472773568 0.6077200027916249 -0.7563793692002351 -0.12016639921681244 0.6429463167017 0.2619261421957996 0.8450433503600636 0.46607522124591366 
0.5770010168762526 -0.5771898282710373 0.5777988260315162 -0.7596456204674017 -0.11951694674681959 0.6392057457847135 0.29989683647488535 0.8077730846468864 0.5074389479450583 
0.685755927003402 -0.572560853618626 0.449251329148214 -0.5997378324696824 -0.09491885975756228 0.7944928077869008 0.41227080922919296 0.8142962349317701 0.4084951663014774 
0.6694638041394231 -0.5942682773677205 0.44562052802947083 -0.6079397915144321 -0.09368565010552077 0.7883821626580506 0.4267805646702426 0.7987380290297929 0.4240166696499571 
0.6684872508513099 -0.6039440760794832 0.433916845338688 -0.6009788266279751 -0.09507481345383992 0.7935317952309796 0.43801452675115904 0.79127733005953 0.4265336347109583 
0.7916771306658499 -0.02649657690333101 0.6103544247536546 -0.6096947408849446 -0.09774712021474335 0.7865780921499383 -0.03881900747313158 0.994852101332355 0.09353957855726408 
0.7924715387469091 -0.030518485636507456 0.6091344301005114 -0.6088951131377697 -0.09685352786059809 0.7873076952254522 -0.034969602462184196 0.9948242497037983 0.09533682776464802 
0.786977319322316 -0.16184413453717228 0.595357700737982 -0.6128678926740547 -0.09406498852302572 0.7845523187801229 0.07097367005704422 0.9823114938195103 0.1732180247796317 
0.8550453215342614 -0.16837296924013087 0.490420034120033 -0.5078033418910642 -0.08063215214028331 0.8576700942204726 0.10486673734459054 0.9824015308340827 0.15444729886991393 
0.8333405442802669 -0.27817976182261744 0.47761269872181056 -0.5151848829228484 -0.07794055008153752 0.8535011070116482 0.2002059096924718 0.9573377791431036 0.20826978407563265 
0.8337181471221382 -0.29433190122573827 0.46715311855413816 -0.5085601247975793 -0.07988758208745708 0.8572828161049748 0.21501140369730387 0.9523318535278802 0.2162946835478232 
0.43008773332836925 0.6628792356426592 0.6128122519093171 -0.5947991547647142 -0.3025506982385295 0.744714868914579 -0.679088876825078 0.6848192385185168 -0.2641668098442192 
0.4503658839700704 0.6438265996707334 0.6185343436878549 -0.593012806576093 -0.30216010969666957 0.746298823229629 -0.667407848321916 0.7029320250732676 -0.24572380091027538 
0.5675096732035263 0.49407540871697897 0.6586168623965282 -0.5949744854762554 -0.30682674315867614 0.7428436049575815 -0.5691151399885284 0.813449906444927 -0.11983787903683764 
0.6191955553929923 0.4989368342709365 0.6063089890224868 -0.5478886786053844 -0.27857454708798296 0.7887749413812416 -0.5624647105533108 0.820615590701658 -0.10087215800090284 
0.6719753915194228 0.4043338871010526 0.6204373665301582 -0.5529641645210431 -0.2833282968754323 0.783540077978158 -0.492604355239242 0.8696082616812159 -0.0331928496503473 
0.6807926024112815 0.39717653401299957 0.615427963440321 -0.5486835778494579 -0.28007257242435507 0.787708721817099 -0.48522892406904017 0.8739505133918227 -0.027253187736056284 
0.7297202393012018 -0.2979157814403788 0.615384861009366 -0.6832996250886068 -0.3487619360740536 0.6414130509556214 -0.023536404664214777 0.8885692245127542 0.4580772189716884 
0.7304292308569839 -0.31144797258067985 0.6077872729599236 -0.6828464337683198 -0.3476852381810574 0.6424700717760093 -0.011223042660713944 0.8843343290935658 0.46664644838150254 
0.7257955604487126 -0.37024768041328465 0.5797073514779472 -0.6869959981851086 -0.34808794396580844 0.6378043865632764 0.03435777476263774 0.8612053136101131 0.5070188407733202 
0.8284449410782411 -0.3336659590692425 0.4497300434920764 -0.5419521306054146 -0.27553237037307887 0.7939023275365533 0.14098926339701895 0.9014765916506693 0.40911256027134013 
0.8188750625869574 -0.35726079512527675 0.44912242204055214 -0.5521560151817614 -0.2771614430282484 0.7862619558626807 0.15642877168767666 0.8918793935307983 0.4242449535625977 
0.8215606852827105 -0.3684949756787149 0.4349205060018121 -0.5434875686224973 -0.27622058915721476 0.7926094890436105 0.17194666729580807 0.8875922443716543 0.4272244194573623 
0.7608222545467372 0.2169625285018439 0.6116086489612315 -0.5510477985254031 -0.28178931502861604 0.7854485896274096 -0.34275968549174946 0.9346177959109631 0.0948354092088342 
0.7621212986787596 0.21461972634181328 0.6108173871435254 -0.5507544268630717 -0.2810326836719809 0.7859252975127666 -0.34033669896531527 0.9353862223941332 0.09597878705371782 
0.7962601186633691 0.08921224927861425 0.5983257921103525 -0.5566476148690044 -0.27918295301396334 0.782421284926915 -0.23684596637156152 0.9560757338331971 0.172643954103431 
0.86522257720062 0.10326676444683933 0.4906101894651482 -0.4583256947947514 -0.23373229661524525 0.8574842632689547 -0.20322386704630943 0.9667872980256177 0.15490277913291267 
0.8771097796650298 -0.006532330533414406 0.4802111770998857 -0.4683025425814088 -0.23332622262904723 0.8521846126182642 -0.10648086478632396 0.9723596114757931 0.2077152448495153 
0.8836746233486196 -0.023457874079711387 0.46746531640654976 -0.45956819909573987 -0.23279266025254364 0.8570645142357617 -0.08871958227648291 0.9722202627624791 0.21649833774069072 
0.20241100143275187 0.7651963575930789 0.6110951689992554 -0.4726498969338789 -0.47017747944590704 0.7452973886303644 -0.857650771687601 0.4397051931659797 -0.26650981534548446 
0.2319089955096144 0.7515807818444097 0.617474045490842 -0.4704782311657266 -0.4689171108916737 0.7474601178679259 -0.8513507517421063 0.46386713848483646 -0.2448649138463876 
0.3880194402216055 0.6455959964519549 0.6577202573030406 -0.4702282342242435 -0.4750786263730995 0.7437304081407843 -0.7926383382349862 0.597875674049476 -0.11924075071645199 
0.43511232075140993 0.664941188600081 0.6070263819239103 -0.43630132513128855 -0.4340245904531772 0.7881715250431424 -0.7875715626768168 0.6078045861156879 -0.10126777906981807 
0.5132990998729235 0.5915911097427313 0.6217029411084318 -0.4391161015296459 -0.44135677741279944 0.7825291038990553 -0.7373409235129407 0.6746811898556356 -0.03322963448386865 
0.5234658050872075 0.5876844695318401 0.6169125296306976 -0.4362877856188256 -0.43703245502496135 0.786527911402095 -0.7318518108634345 0.6808818925230719 -0.027628416711363485 
0.7844737420728795 -0.05522316435826284 0.6176527284791992 -0.5426389095226923 -0.543209886568578 0.6406321689452862 -0.30014580582037514 0.8377451665833583 0.4561130057299668 
0.790861868451561 -0.07298108964001244 0.6075676515625743 -0.5433328507574866 -0.5404966816428112 0.6423238560584933 -0.2815210542002996 0.838131423661627 0.4671282461529016 
0.8021605212815579 -0.12765885083839557 0.5832406989889763 -0.5486305491194666 -0.5429484293703586 0.6357196871848185 -0.2355228560615763 0.8299627810354577 0.5055875427912726 
